image: IST_map_disc_bigger.pgm
resolution: 3.332000
origin: [0.000000, 0.000000, 0.000000]
negate: 0
occupied_thresh: 0.65
free_thresh: 0.196

