image: disc_map_sim.pgm
resolution: 0.306000
origin: [-2.950000, -2.550000, 0.000000]
negate: 0
occupied_thresh: 0.65
free_thresh: 0.196

